rectangle 0.0 0.0 800.0 600.0 0cd2fd 0cd2fd
rectangle 0 500.0 800.0 100.0 00fd02 00fd02
linesegment 380.0 500.0 390.0 450.0 000000
linesegment 420.0 500.0 410.0 450.0 000000
rectangle 380.0 350.0 40.0 100.0 000000 0cd2fd
linesegment 380.0 380.0 340.0 400.0 000000
linesegment 420.0 380.0 460.0 400.0 000000
circle 460.0 400.0 20.0 000000 f01262
rectangle 340.0 390.0 3.0 15.0 000000 0cd2fd
rectangle 332.0 390.0 20.0 4.0 000000 0cd2fd
rectangle 340.0 323.0 4.0 60.0 000000 0cd2fd
triangle 341.0 315.0 342.0 310.0 343.0 315.0 000000 0cd2fd
linesegment 400.0 350.0 400.0 325.0 000000
circle 400.0 310.0 15.0 f6d7c5 f6d7c5


